episode;loss
0;192.604436
1;131.081108
2;88.783665
3;109.213156
4;69.983142
5;34.903049
6;48.686406
7;34.973352
8;36.135135
9;31.883489
10;18.653277
11;5.089252
12;14.559136
13;21.206992
14;9.774286
15;12.336616
16;14.987456
17;8.397696
18;9.346790
19;5.210496
20;5.095090
21;7.707786
22;4.806198
23;7.303445
24;7.174996
25;7.010385
26;6.962045
27;7.705679
28;4.485473
29;4.185847
30;3.694747
31;5.351193
32;7.562975
33;7.863677
34;5.043981
35;5.505777
36;4.905743
37;3.549018
38;5.515125
39;6.614244
40;3.523902
41;5.487578
42;5.323456
43;7.549774
44;6.435536
45;4.492240
46;4.041757
47;5.102983
48;4.993152
49;3.265141
50;7.361617
51;3.213061
52;4.589362
53;3.309663
54;4.673783
55;7.400754
56;7.081414
57;2.519972
58;4.237016
59;3.246697
60;4.097189
61;4.181423
62;4.348420
63;4.565210
64;3.616576
65;3.349750
66;5.706267
67;4.266560
68;3.425081
69;3.468827
70;5.028780
71;4.193828
72;2.510190
73;2.993914
74;5.981130
75;2.832245
76;6.144257
77;3.656386
78;6.074410
79;4.868598
80;2.473371
81;1.447856
82;5.552245
83;3.797413
84;3.156463
85;4.310153
86;3.989431
87;3.889713
88;1.463921
89;1.773746
90;3.481180
91;2.286172
92;1.524641
93;1.599895
94;1.569572
95;4.299326
96;1.761673
97;2.182188
98;1.550452
99;2.383312
100;2.205154
101;2.937565
102;1.756156
103;2.640788
104;3.458348
105;2.370020
106;1.705696
107;3.279122
108;2.788078
109;0.883774
110;2.826660
111;3.501157
112;1.769858
113;1.683558
114;2.104231
115;1.687920
116;2.473233
117;2.156194
118;1.451365
119;1.091641
120;0.873990
121;2.436108
122;1.318638
123;2.074336
124;1.737100
125;2.044633
126;1.959014
127;1.415804
128;2.102526
129;3.113285
130;2.193822
131;1.091502
132;2.357606
133;0.992572
134;1.552578
135;2.043509
136;1.058057
137;1.561161
138;1.463194
139;1.773724
140;1.558798
141;1.338486
142;0.964057
143;1.405435
144;1.664077
145;0.801122
146;1.419165
147;0.635573
148;1.658731
149;1.315363
150;1.386755
151;1.206584
152;1.039813
153;0.830123
154;0.929797
155;1.071319
156;0.677770
157;0.739247
158;1.304107
159;0.468277
160;1.535646
161;1.502260
162;0.887479
163;1.761496
164;0.975513
165;0.748924
166;1.499992
167;0.916160
168;1.273323
169;1.012206
170;1.652041
171;0.553865
172;1.175849
173;0.595176
174;1.350572
175;0.896445
176;1.140974
177;0.965740
178;0.861107
179;0.846952
180;0.930644
181;0.634144
182;1.076798
183;0.632728
184;1.303438
185;1.016859
186;0.788338
187;1.320418
188;0.654555
189;1.078041
190;0.621656
191;0.461616
192;0.891573
193;0.538559
194;0.683835
195;1.117097
196;0.749213
197;0.793034
198;0.569750
199;0.747359
200;0.953505
201;0.744037
202;0.630054
203;0.824424
204;0.587282
205;0.392733
206;0.649496
207;0.749590
208;0.456910
209;0.489392
210;0.502105
211;1.065673
212;0.443760
213;0.827378
214;0.453610
215;0.463528
216;0.587513
217;0.741618
218;0.550280
219;0.370832
220;0.369092
221;0.462114
222;0.493674
223;0.449061
224;0.557367
225;0.490951
226;0.317997
227;0.675470
228;0.359014
229;0.365210
230;0.466782
231;0.414711
232;0.472994
233;0.230954
234;0.596163
235;0.473640
236;0.589385
237;0.400975
238;0.346342
239;0.452734
240;0.481284
241;0.401268
242;0.341263
243;0.390436
244;0.442280
245;0.342678
246;0.404312
247;0.175223
248;0.618169
249;0.463251
250;0.314459
251;0.282021
252;0.383011
253;0.349076
254;0.301418
255;0.440433
256;0.276096
257;0.200869
258;0.322290
259;0.522875
260;0.235722
261;0.447232
262;0.338603
263;0.465797
264;0.307405
265;0.152510
266;0.245989
267;0.197794
268;0.170675
269;0.358099
270;0.459164
271;0.317038
272;0.350254
273;0.286559
274;0.147351
275;0.171817
276;0.347733
277;0.333732
278;0.396201
279;0.154798
280;0.153730
281;0.167307
282;0.215471
283;0.257695
284;0.319282
285;0.327686
286;0.157961
287;0.287350
288;0.193019
289;0.354265
290;0.140252
291;0.195446
292;0.401744
293;0.167776
294;0.124353
295;0.212654
296;0.187453
297;0.252806
298;0.254503
299;0.174982
300;0.211353
301;0.184332
302;0.175103
303;0.181285
304;0.162382
305;0.185980
306;0.213900
307;0.105656
308;0.238825
309;0.164557
310;0.133126
311;0.103244
312;0.197557
313;0.118253
314;0.128532
315;0.150367
316;0.128175
317;0.155623
318;0.085343
319;0.109208
320;0.099863
321;0.097563
322;0.180658
323;0.199761
324;0.155147
325;0.201858
326;0.126111
327;0.091606
328;0.106479
329;0.144080
330;0.096484
331;0.200712
332;0.140455
333;0.114488
334;0.129193
335;0.112127
336;0.094123
337;0.135181
338;0.070580
339;0.106217
340;0.119675
341;0.164862
342;0.100669
343;0.099234
344;0.123202
345;0.094615
346;0.072940
347;0.064399
348;0.125166
349;0.092715
350;0.066124
351;0.088456
352;0.053317
353;0.113307
354;0.134201
355;0.123618
356;0.085325
357;0.077491
358;0.099532
359;0.066638
360;0.098059
361;0.073976
362;0.124447
363;0.106430
364;0.089743
365;0.053878
366;0.082134
367;0.037523
368;0.074591
369;0.066282
370;0.075353
371;0.055780
372;0.085618
373;0.086537
374;0.042612
375;0.112776
376;0.057804
377;0.076760
378;0.104250
379;0.067197
380;0.084169
381;0.049061
382;0.073423
383;0.084141
384;0.062386
385;0.068735
386;0.065939
387;0.076245
388;0.068062
389;0.050955
390;0.059792
391;0.090681
392;0.050345
393;0.049319
394;0.076767
395;0.067826
396;0.070970
397;0.072659
398;0.048965
399;0.042659
400;0.066115
401;0.047947
402;0.038744
403;0.064276
404;0.047215
405;0.054491
406;0.042292
407;0.017396
408;0.071908
409;0.046719
410;0.053372
411;0.055008
412;0.029574
413;0.065768
414;0.039445
415;0.033975
416;0.029739
417;0.046133
418;0.023673
419;0.039532
420;0.058755
421;0.024188
422;0.024582
423;0.039844
424;0.050866
425;0.032390
426;0.025992
427;0.034528
428;0.034845
429;0.032090
430;0.031210
431;0.030910
432;0.022620
433;0.039553
434;0.027456
435;0.046759
436;0.032855
437;0.029378
438;0.017045
439;0.026620
440;0.033033
441;0.032749
442;0.029893
443;0.033121
444;0.033035
445;0.021444
446;0.040710
447;0.026746
448;0.035319
449;0.029311
450;0.023557
451;0.036948
452;0.019367
453;0.023066
454;0.022343
455;0.039805
456;0.017121
457;0.027531
458;0.016344
459;0.023755
460;0.015158
461;0.021144
462;0.020792
463;0.009162
464;0.009711
465;0.025024
466;0.024113
467;0.018227
468;0.024378
469;0.016969
470;0.028763
471;0.018794
472;0.017287
473;0.016374
474;0.010222
475;0.029583
476;0.032390
477;0.025063
478;0.016255
479;0.013891
480;0.019772
481;0.007875
482;0.016624
483;0.023359
484;0.018918
485;0.017458
486;0.016445
487;0.014644
488;0.016827
489;0.019719
490;0.022127
491;0.023890
492;0.017750
493;0.016972
494;0.014972
495;0.021856
496;0.020347
497;0.015046
498;0.016557
499;0.011142
500;0.014794
501;0.015629
502;0.008973
503;0.014877
504;0.015153
505;0.014981
506;0.011265
507;0.007850
508;0.013614
509;0.009961
510;0.013871
511;0.011147
512;0.012321
513;0.012433
514;0.006255
515;0.014793
516;0.004953
517;0.014206
518;0.005399
519;0.005372
520;0.013688
521;0.007615
522;0.009068
523;0.006045
524;0.011489
525;0.011578
526;0.008733
527;0.007180
528;0.010595
529;0.012822
530;0.008679
531;0.010312
532;0.010189
533;0.009155
534;0.006071
535;0.010993
536;0.009204
537;0.007637
538;0.009264
539;0.012834
540;0.013322
541;0.005814
542;0.010185
543;0.008989
544;0.010760
545;0.007080
546;0.011373
547;0.004611
548;0.007969
549;0.005999
550;0.009405
551;0.009074
552;0.006189
553;0.009152
554;0.004008
555;0.005147
556;0.008956
557;0.005599
558;0.006792
559;0.005798
560;0.006474
561;0.005733
562;0.008426
563;0.005393
564;0.006446
565;0.005063
566;0.005854
567;0.005236
568;0.009630
569;0.003046
570;0.003632
571;0.003606
572;0.005802
573;0.003201
574;0.003917
575;0.006199
576;0.004183
577;0.004461
578;0.004441
579;0.003977
580;0.005145
581;0.005831
582;0.004452
583;0.003722
584;0.005395
585;0.006975
586;0.004830
587;0.003760
588;0.005543
589;0.004270
590;0.006664
591;0.000928
592;0.005830
593;0.003166
594;0.005948
595;0.003861
596;0.004637
597;0.003006
598;0.004413
599;0.003008
600;0.006071
601;0.003537
602;0.003737
603;0.001833
604;0.003384
605;0.004678
606;0.003302
607;0.001861
608;0.002463
609;0.002329
610;0.003460
611;0.002819
612;0.002909
613;0.002364
614;0.004374
615;0.002540
616;0.004712
617;0.001919
618;0.003528
619;0.003119
620;0.003356
621;0.002554
622;0.002558
623;0.002408
624;0.002940
625;0.003389
626;0.003192
627;0.002454
628;0.002240
629;0.001946
630;0.002830
631;0.003576
632;0.002264
633;0.004202
634;0.003526
635;0.003746
636;0.001581
637;0.002664
638;0.002537
639;0.002564
640;0.002275
641;0.002066
642;0.002054
643;0.001736
644;0.002401
645;0.002148
646;0.002148
647;0.001500
648;0.001048
649;0.002298
650;0.001298
651;0.001589
652;0.000842
653;0.001469
654;0.002000
655;0.001506
656;0.002043
657;0.001224
658;0.002288
659;0.001482
660;0.001862
661;0.001772
662;0.001184
663;0.001106
664;0.001645
665;0.001488
666;0.001434
667;0.001090
668;0.001539
669;0.001253
670;0.000548
671;0.001979
672;0.001172
673;0.000985
674;0.001188
675;0.000663
676;0.000941
677;0.001130
678;0.001776
679;0.001842
680;0.001627
681;0.001121
682;0.000814
683;0.001235
684;0.001135
685;0.001126
686;0.001237
687;0.000984
688;0.001540
689;0.001202
690;0.001088
691;0.001255
692;0.001167
693;0.001028
694;0.001332
695;0.001718
696;0.001304
697;0.000757
698;0.000817
699;0.000960
700;0.000700
701;0.001198
702;0.001323
703;0.000701
704;0.001167
705;0.000797
706;0.000771
707;0.000991
708;0.000739
709;0.000890
710;0.000699
711;0.000831
712;0.001004
713;0.000713
714;0.000461
715;0.000900
716;0.001164
717;0.001095
718;0.000478
719;0.000849
720;0.001009
721;0.000357
722;0.000452
723;0.000496
724;0.000762
725;0.000628
726;0.000532
727;0.000596
728;0.000689
729;0.000830
730;0.001089
731;0.000587
732;0.000545
733;0.000801
734;0.000826
735;0.000651
736;0.000559
737;0.001081
738;0.000639
739;0.000674
740;0.000584
741;0.000861
742;0.000317
743;0.000361
744;0.000343
745;0.000640
746;0.000553
747;0.000743
748;0.000567
749;0.000449
750;0.000588
751;0.000506
752;0.000586
753;0.000704
754;0.000604
755;0.000448
756;0.000607
757;0.000504
758;0.000610
759;0.000595
760;0.000408
761;0.000411
762;0.000477
763;0.000306
764;0.000587
765;0.000480
766;0.000380
767;0.000407
768;0.000218
769;0.000240
770;0.000500
771;0.000244
772;0.000459
773;0.000407
774;0.000469
775;0.000396
776;0.000148
777;0.000321
778;0.000473
779;0.000265
780;0.000328
781;0.000387
782;0.000309
783;0.000234
784;0.000270
785;0.000254
786;0.000329
787;0.000457
788;0.000578
789;0.000378
790;0.000289
791;0.000247
792;0.000190
793;0.000262
794;0.000245
795;0.000307
796;0.000310
797;0.000279
798;0.000320
799;0.000313
800;0.000295
801;0.000171
802;0.000229
803;0.000400
804;0.000340
805;0.000356
806;0.000255
807;0.000209
808;0.000269
809;0.000214
810;0.000265
811;0.000329
812;0.000198
813;0.000195
814;0.000156
815;0.000257
816;0.000106
817;0.000141
818;0.000239
819;0.000145
820;0.000175
821;0.000086
822;0.000245
823;0.000177
824;0.000212
825;0.000203
826;0.000227
827;0.000125
828;0.000222
829;0.000164
830;0.000161
831;0.000178
832;0.000186
833;0.000201
834;0.000117
835;0.000159
836;0.000226
837;0.000132
838;0.000213
839;0.000147
840;0.000144
841;0.000089
842;0.000268
843;0.000174
844;0.000204
845;0.000192
846;0.000196
847;0.000169
848;0.000098
849;0.000107
850;0.000119
851;0.000167
852;0.000236
853;0.000139
854;0.000183
855;0.000167
856;0.000102
857;0.000219
858;0.000118
859;0.000104
860;0.000083
861;0.000104
862;0.000160
863;0.000181
864;0.000066
865;0.000045
866;0.000094
867;0.000138
868;0.000089
869;0.000119
870;0.000176
871;0.000083
872;0.000091
873;0.000054
874;0.000078
875;0.000080
876;0.000107
877;0.000091
878;0.000109
879;0.000124
880;0.000115
881;0.000163
882;0.000092
883;0.000059
884;0.000074
885;0.000110
886;0.000059
887;0.000112
888;0.000087
889;0.000090
890;0.000150
891;0.000083
892;0.000063
893;0.000106
894;0.000081
895;0.000041
896;0.000086
897;0.000060
898;0.000082
899;0.000054
900;0.000073
901;0.000055
902;0.000076
903;0.000039
904;0.000096
905;0.000051
906;0.000065
907;0.000050
908;0.000136
909;0.000072
910;0.000045
911;0.000090
912;0.000049
913;0.000065
914;0.000067
915;0.000046
916;0.000074
917;0.000072
918;0.000050
919;0.000077
920;0.000076
921;0.000045
922;0.000051
923;0.000080
924;0.000044
925;0.000054
926;0.000053
927;0.000041
928;0.000031
929;0.000067
930;0.000051
931;0.000043
932;0.000063
933;0.000017
934;0.000049
935;0.000048
936;0.000020
937;0.000050
938;0.000035
939;0.000068
940;0.000039
941;0.000027
942;0.000083
943;0.000036
944;0.000045
945;0.000030
946;0.000051
947;0.000037
948;0.000048
949;0.000025
950;0.000033
951;0.000021
952;0.000015
953;0.000043
954;0.000050
955;0.000046
956;0.000050
957;0.000034
958;0.000039
959;0.000039
960;0.000025
961;0.000044
962;0.000031
963;0.000016
964;0.000014
965;0.000036
966;0.000025
967;0.000024
968;0.000027
969;0.000041
970;0.000012
971;0.000023
972;0.000038
973;0.000033
974;0.000032
975;0.000014
976;0.000029
977;0.000031
978;0.000027
979;0.000019
980;0.000029
981;0.000019
982;0.000005
983;0.000021
984;0.000021
985;0.000028
986;0.000029
987;0.000021
988;0.000027
989;0.000013
990;0.000027
991;0.000017
992;0.000029
993;0.000029
994;0.000016
995;0.000023
996;0.000025
997;0.000020
998;0.000017
999;0.000008
1000;0.000013
1001;0.000024
1002;0.000020
1003;0.000026
1004;0.000031
1005;0.000020
1006;0.000010
1007;0.000025
1008;0.000027
1009;0.000018
1010;0.000009
1011;0.000014
1012;0.000019
1013;0.000017
1014;0.000013
1015;0.000023
1016;0.000016
1017;0.000011
1018;0.000014
1019;0.000021
1020;0.000012
1021;0.000018
1022;0.000018
1023;0.000010
1024;0.000013
1025;0.000019
1026;0.000009
1027;0.000019
1028;0.000016
1029;0.000010
1030;0.000017
1031;0.000012
1032;0.000012
1033;0.000012
1034;0.000007
1035;0.000013
1036;0.000011
1037;0.000010
1038;0.000015
1039;0.000015
1040;0.000010
1041;0.000012
1042;0.000014
1043;0.000012
1044;0.000008
1045;0.000012
1046;0.000009
1047;0.000008
1048;0.000014
1049;0.000009
1050;0.000009
1051;0.000010
1052;0.000013
1053;0.000010
1054;0.000006
1055;0.000010
1056;0.000006
1057;0.000009
1058;0.000011
1059;0.000009
1060;0.000006
1061;0.000008
1062;0.000008
1063;0.000007
1064;0.000009
1065;0.000005
1066;0.000007
1067;0.000008
1068;0.000004
1069;0.000009
1070;0.000005
1071;0.000007
1072;0.000008
1073;0.000005
1074;0.000006
1075;0.000006
1076;0.000009
1077;0.000005
1078;0.000010
1079;0.000003
1080;0.000005
1081;0.000003
1082;0.000014
1083;0.000010
1084;0.000006
1085;0.000007
1086;0.000005
1087;0.000005
1088;0.000008
1089;0.000007
1090;0.000005
1091;0.000005
1092;0.000004
1093;0.000007
1094;0.000005
1095;0.000008
1096;0.000005
1097;0.000006
1098;0.000003
1099;0.000007
1100;0.000005
1101;0.000006
1102;0.000005
1103;0.000005
1104;0.000008
1105;0.000004
1106;0.000007
1107;0.000004
1108;0.000003
1109;0.000007
1110;0.000002
1111;0.000004
1112;0.000004
1113;0.000003
1114;0.000005
1115;0.000003
1116;0.000005
1117;0.000005
1118;0.000006
1119;0.000004
1120;0.000005
1121;0.000004
1122;0.000001
1123;0.000005
1124;0.000003
1125;0.000003
1126;0.000003
1127;0.000002
1128;0.000004
1129;0.000002
1130;0.000005
1131;0.000003
1132;0.000003
1133;0.000002
1134;0.000003
1135;0.000004
1136;0.000001
1137;0.000003
1138;0.000001
1139;0.000004
1140;0.000004
1141;0.000003
1142;0.000002
1143;0.000003
1144;0.000004
1145;0.000003
1146;0.000002
1147;0.000003
1148;0.000003
1149;0.000002
1150;0.000002
1151;0.000002
1152;0.000003
1153;0.000004
1154;0.000003
1155;0.000002
1156;0.000004
1157;0.000002
1158;0.000003
1159;0.000001
1160;0.000002
1161;0.000002
1162;0.000003
1163;0.000003
1164;0.000003
1165;0.000003
1166;0.000003
1167;0.000002
1168;0.000002
1169;0.000003
1170;0.000001
1171;0.000001
1172;0.000003
1173;0.000003
1174;0.000003
1175;0.000002
1176;0.000002
1177;0.000002
1178;0.000001
1179;0.000002
1180;0.000001
1181;0.000001
1182;0.000002
1183;0.000002
1184;0.000002
1185;0.000002
1186;0.000001
1187;0.000002
1188;0.000002
1189;0.000002
1190;0.000002
1191;0.000002
1192;0.000002
1193;0.000001
1194;0.000002
1195;0.000002
1196;0.000002
1197;0.000001
1198;0.000001
1199;0.000001
1200;0.000001
1201;0.000001
1202;0.000002
1203;0.000001
1204;0.000001
1205;0.000001
1206;0.000002
1207;0.000002
1208;0.000001
1209;0.000001
1210;0.000001
1211;0.000001
1212;0.000001
1213;0.000001
1214;0.000002
1215;0.000001
1216;0.000001
1217;0.000001
1218;0.000001
1219;0.000001
1220;0.000001
1221;0.000001
1222;0.000001
1223;0.000001
1224;0.000001
1225;0.000001
1226;0.000001
1227;0.000000
1228;0.000001
1229;0.000001
1230;0.000001
1231;0.000001
1232;0.000001
1233;0.000001
1234;0.000001
1235;0.000001
1236;0.000000
1237;0.000001
1238;0.000001
1239;0.000001
1240;0.000001
1241;0.000001
1242;0.000001
1243;0.000001
1244;0.000001
1245;0.000001
1246;0.000001
1247;0.000001
1248;0.000001
1249;0.000001
1250;0.000001
1251;0.000001
1252;0.000001
1253;0.000001
1254;0.000001
1255;0.000001
1256;0.000000
1257;0.000000
1258;0.000001
1259;0.000001
1260;0.000001
1261;0.000001
1262;0.000001
1263;0.000001
1264;0.000001
1265;0.000000
1266;0.000000
1267;0.000000
1268;0.000001
1269;0.000001
1270;0.000000
1271;0.000000
1272;0.000000
1273;0.000001
1274;0.000001
1275;0.000000
1276;0.000001
1277;0.000001
1278;0.000001
1279;0.000001
1280;0.000000
1281;0.000001
1282;0.000000
1283;0.000001
1284;0.000000
1285;0.000001
1286;0.000000
1287;0.000001
1288;0.000000
1289;0.000001
1290;0.000000
1291;0.000001
1292;0.000001
1293;0.000000
1294;0.000001
1295;0.000000
1296;0.000000
1297;0.000000
1298;0.000001
1299;0.000000
1300;0.000000
1301;0.000000
1302;0.000000
1303;0.000001
1304;0.000000
1305;0.000000
1306;0.000001
1307;0.000000
1308;0.000000
1309;0.000000
1310;0.000000
1311;0.000000
1312;0.000000
1313;0.000000
1314;0.000000
1315;0.000000
1316;0.000000
1317;0.000000
1318;0.000001
1319;0.000000
1320;0.000000
1321;0.000000
1322;0.000000
1323;0.000000
1324;0.000000
1325;0.000000
1326;0.000000
1327;0.000000
1328;0.000000
1329;0.000000
1330;0.000000
1331;0.000000
1332;0.000000
1333;0.000000
1334;0.000000
1335;0.000000
1336;0.000000
1337;0.000000
1338;0.000000
1339;0.000000
1340;0.000000
1341;0.000000
1342;0.000000
1343;0.000000
1344;0.000000
1345;0.000000
1346;0.000000
1347;0.000000
1348;0.000000
1349;0.000000
1350;0.000000
1351;0.000000
1352;0.000000
1353;0.000000
1354;0.000000
1355;0.000000
1356;0.000000
1357;0.000000
1358;0.000000
1359;0.000000
1360;0.000000
1361;0.000000
1362;0.000000
1363;0.000000
1364;0.000000
1365;0.000000
1366;0.000000
1367;0.000000
1368;0.000000
1369;0.000000
1370;0.000000
1371;0.000000
1372;0.000000
1373;0.000000
1374;0.000000
1375;0.000000
1376;0.000000
1377;0.000000
1378;0.000000
1379;0.000000
1380;0.000000
1381;0.000000
1382;0.000000
1383;0.000000
1384;0.000000
1385;0.000000
1386;0.000000
1387;0.000000
1388;0.000000
1389;0.000000
1390;0.000000
1391;0.000000
1392;0.000000
1393;0.000000
1394;0.000000
1395;0.000000
1396;0.000000
1397;0.000000
1398;0.000000
1399;0.000000
1400;0.000000
1401;0.000000
1402;0.000000
1403;0.000000
1404;0.000000
1405;0.000000
1406;0.000000
1407;0.000000
1408;0.000000
1409;0.000000
1410;0.000000
1411;0.000000
1412;0.000000
1413;0.000000
1414;0.000000
1415;0.000000
1416;0.000000
1417;0.000000
1418;0.000000
1419;0.000000
1420;0.000000
1421;0.000000
1422;0.000000
1423;0.000000
1424;0.000000
1425;0.000000
1426;0.000000
1427;0.000000
1428;0.000000
1429;0.000000
1430;0.000000
1431;0.000000
1432;0.000000
1433;0.000000
1434;0.000000
1435;0.000000
1436;0.000000
1437;0.000000
1438;0.000000
1439;0.000000
1440;0.000000
1441;0.000000
1442;0.000000
1443;0.000000
1444;0.000000
1445;0.000000
1446;0.000000
1447;0.000000
1448;0.000000
1449;0.000000
1450;0.000000
1451;0.000000
1452;0.000000
1453;0.000000
1454;0.000000
1455;0.000000
1456;0.000000
1457;0.000000
1458;0.000000
1459;0.000000
1460;0.000000
1461;0.000000
1462;0.000000
1463;0.000000
1464;0.000000
1465;0.000000
1466;0.000000
1467;0.000000
1468;0.000000
1469;0.000000
1470;0.000000
1471;0.000000
1472;0.000000
1473;0.000000
1474;0.000000
1475;0.000000
1476;0.000000
1477;0.000000
1478;0.000000
1479;0.000000
1480;0.000000
1481;0.000000
1482;0.000000
1483;0.000000
1484;0.000000
1485;0.000000
1486;0.000000
1487;0.000000
1488;0.000000
1489;0.000000
1490;0.000000
1491;0.000000
1492;0.000000
1493;0.000000
1494;0.000000
1495;0.000000
1496;0.000000
1497;0.000000
1498;0.000000
1499;0.000000
1500;0.000000
1501;0.000000
1502;0.000000
1503;0.000000
1504;0.000000
1505;0.000000
1506;0.000000
1507;0.000000
1508;0.000000
1509;0.000000
1510;0.000000
1511;0.000000
1512;0.000000
1513;0.000000
1514;0.000000
1515;0.000000
1516;0.000000
1517;0.000000
1518;0.000000
1519;0.000000
1520;0.000000
1521;0.000000
1522;0.000000
1523;0.000000
1524;0.000000
1525;0.000000
1526;0.000000
1527;0.000000
1528;0.000000
1529;0.000000
1530;0.000000
1531;0.000000
1532;0.000000
1533;0.000000
1534;0.000000
1535;0.000000
1536;0.000000
1537;0.000000
1538;0.000000
1539;0.000000
1540;0.000000
1541;0.000000
1542;0.000000
1543;0.000000
1544;0.000000
1545;0.000000
1546;0.000000
1547;0.000000
1548;0.000000
1549;0.000000
1550;0.000000
1551;0.000000
1552;0.000000
1553;0.000000
1554;0.000000
1555;0.000000
1556;0.000000
1557;0.000000
1558;0.000000
1559;0.000000
1560;0.000000
1561;0.000000
1562;0.000000
1563;0.000000
1564;0.000000
1565;0.000000
1566;0.000000
1567;0.000000
1568;0.000000
1569;0.000000
1570;0.000000
1571;0.000000
1572;0.000000
1573;0.000000
1574;0.000000
1575;0.000000
1576;0.000000
1577;0.000000
1578;0.000000
1579;0.000000
1580;0.000000
1581;0.000000
1582;0.000000
1583;0.000000
1584;0.000000
1585;0.000000
1586;0.000000
1587;0.000000
1588;0.000000
1589;0.000000
1590;0.000000
1591;0.000000
1592;0.000000
1593;0.000000
1594;0.000000
1595;0.000000
1596;0.000000
1597;0.000000
1598;0.000000
1599;0.000000
1600;0.000000
1601;0.000000
1602;0.000000
1603;0.000000
1604;0.000000
1605;0.000000
1606;0.000000
1607;0.000000
1608;0.000000
1609;0.000000
1610;0.000000
1611;0.000000
1612;0.000000
1613;0.000000
1614;0.000000
1615;0.000000
1616;0.000000
1617;0.000000
1618;0.000000
1619;0.000000
1620;0.000000
1621;0.000000
1622;0.000000
1623;0.000000
1624;0.000000
1625;0.000000
1626;0.000000
1627;0.000000
1628;0.000000
1629;0.000000
1630;0.000000
1631;0.000000
1632;0.000000
1633;0.000000
1634;0.000000
1635;0.000000
1636;0.000000
1637;0.000000
1638;0.000000
1639;0.000000
1640;0.000000
1641;0.000000
1642;0.000000
1643;0.000000
1644;0.000000
1645;0.000000
1646;0.000000
1647;0.000000
1648;0.000000
1649;0.000000
1650;0.000000
1651;0.000000
1652;0.000000
1653;0.000000
1654;0.000000
1655;0.000000
1656;0.000000
1657;0.000000
1658;0.000000
1659;0.000000
1660;0.000000
1661;0.000000
1662;0.000000
1663;0.000000
1664;0.000000
1665;0.000000
1666;0.000000
1667;0.000000
1668;0.000000
1669;0.000000
1670;0.000000
1671;0.000000
1672;0.000000
1673;0.000000
1674;0.000000
1675;0.000000
1676;0.000000
1677;0.000000
1678;0.000000
1679;0.000000
1680;0.000000
1681;0.000000
1682;0.000000
1683;0.000000
1684;0.000000
1685;0.000000
1686;0.000000
1687;0.000000
1688;0.000000
1689;0.000000
1690;0.000000
1691;0.000000
1692;0.000000
1693;0.000000
1694;0.000000
1695;0.000000
1696;0.000000
1697;0.000000
1698;0.000000
1699;0.000000
1700;0.000000
1701;0.000000
1702;0.000000
1703;0.000000
1704;0.000000
1705;0.000000
1706;0.000000
1707;0.000000
1708;0.000000
1709;0.000000
1710;0.000000
1711;0.000000
1712;0.000000
1713;0.000000
1714;0.000000
1715;0.000000
1716;0.000000
1717;0.000000
1718;0.000000
1719;0.000000
1720;0.000000
1721;0.000000
1722;0.000000
1723;0.000000
1724;0.000000
1725;0.000000
1726;0.000000
1727;0.000000
1728;0.000000
1729;0.000000
1730;0.000000
1731;0.000000
1732;0.000000
1733;0.000000
1734;0.000000
1735;0.000000
1736;0.000000
1737;0.000000
1738;0.000000
1739;0.000000
1740;0.000000
1741;0.000000
1742;0.000000
1743;0.000000
1744;0.000000
1745;0.000000
1746;0.000000
1747;0.000000
1748;0.000000
1749;0.000000
1750;0.000000
1751;0.000000
1752;0.000000
1753;0.000000
1754;0.000000
1755;0.000000
1756;0.000000
1757;0.000000
1758;0.000000
1759;0.000000
1760;0.000000
1761;0.000000
1762;0.000000
1763;0.000000
1764;0.000000
1765;0.000000
1766;0.000000
1767;0.000000
1768;0.000000
1769;0.000000
1770;0.000000
1771;0.000000
1772;0.000000
1773;0.000000
1774;0.000000
1775;0.000000
1776;0.000000
1777;0.000000
1778;0.000000
1779;0.000000
1780;0.000000
1781;0.000000
1782;0.000000
1783;0.000000
1784;0.000000
1785;0.000000
1786;0.000000
1787;0.000000
1788;0.000000
1789;0.000000
1790;0.000000
1791;0.000000
1792;0.000000
1793;0.000000
1794;0.000000
1795;0.000000
1796;0.000000
1797;0.000000
1798;0.000000
1799;0.000000
1800;0.000000
1801;0.000000
1802;0.000000
1803;0.000000
1804;0.000000
1805;0.000000
1806;0.000000
1807;0.000000
1808;0.000000
1809;0.000000
1810;0.000000
1811;0.000000
1812;0.000000
1813;0.000000
1814;0.000000
1815;0.000000
1816;0.000000
1817;0.000000
1818;0.000000
1819;0.000000
1820;0.000000
1821;0.000000
1822;0.000000
1823;0.000000
1824;0.000000
1825;0.000000
1826;0.000000
1827;0.000000
1828;0.000000
1829;0.000000
1830;0.000000
1831;0.000000
1832;0.000000
1833;0.000000
1834;0.000000
1835;0.000000
1836;0.000000
1837;0.000000
1838;0.000000
1839;0.000000
1840;0.000000
1841;0.000000
1842;0.000000
1843;0.000000
1844;0.000000
1845;0.000000
1846;0.000000
1847;0.000000
1848;0.000000
1849;0.000000
1850;0.000000
1851;0.000000
1852;0.000000
1853;0.000000
1854;0.000000
1855;0.000000
1856;0.000000
1857;0.000000
1858;0.000000
1859;0.000000
1860;0.000000
1861;0.000000
1862;0.000000
1863;0.000000
1864;0.000000
1865;0.000000
1866;0.000000
1867;0.000000
1868;0.000000
1869;0.000000
1870;0.000000
1871;0.000000
1872;0.000000
1873;0.000000
1874;0.000000
1875;0.000000
1876;0.000000
1877;0.000000
1878;0.000000
1879;0.000000
1880;0.000000
1881;0.000000
1882;0.000000
1883;0.000000
1884;0.000000
1885;0.000000
1886;0.000000
1887;0.000000
1888;0.000000
1889;0.000000
1890;0.000000
1891;0.000000
1892;0.000000
1893;0.000000
1894;0.000000
1895;0.000000
1896;0.000000
1897;0.000000
1898;0.000000
1899;0.000000
1900;0.000000
1901;0.000000
1902;0.000000
1903;0.000000
1904;0.000000
1905;0.000000
1906;0.000000
1907;0.000000
1908;0.000000
1909;0.000000
1910;0.000000
1911;0.000000
1912;0.000000
1913;0.000000
1914;0.000000
1915;0.000000
1916;0.000000
1917;0.000000
1918;0.000000
1919;0.000000
1920;0.000000
1921;0.000000
1922;0.000000
1923;0.000000
1924;0.000000
1925;0.000000
1926;0.000000
1927;0.000000
1928;0.000000
1929;0.000000
1930;0.000000
1931;0.000000
1932;0.000000
1933;0.000000
1934;0.000000
1935;0.000000
1936;0.000000
1937;0.000000
1938;0.000000
1939;0.000000
1940;0.000000
1941;0.000000
1942;0.000000
1943;0.000000
1944;0.000000
1945;0.000000
1946;0.000000
1947;0.000000
1948;0.000000
1949;0.000000
1950;0.000000
1951;0.000000
1952;0.000000
1953;0.000000
1954;0.000000
1955;0.000000
1956;0.000000
1957;0.000000
1958;0.000000
1959;0.000000
1960;0.000000
1961;0.000000
1962;0.000000
1963;0.000000
1964;0.000000
1965;0.000000
1966;0.000000
1967;0.000000
1968;0.000000
1969;0.000000
1970;0.000000
1971;0.000000
1972;0.000000
1973;0.000000
1974;0.000000
1975;0.000000
1976;0.000000
1977;0.000000
1978;0.000000
1979;0.000000
1980;0.000000
1981;0.000000
1982;0.000000
1983;0.000000
1984;0.000000
1985;0.000000
1986;0.000000
1987;0.000000
1988;0.000000
1989;0.000000
1990;0.000000
1991;0.000000
1992;0.000000
1993;0.000000
1994;0.000000
1995;0.000000
1996;0.000000
1997;0.000000
1998;0.000000
1999;0.000000
